0,47.78,69
1,47.59,69
2,47.43,70
3,47.29,70
4,47.18,70
5,47.07,71
6,46.97,71
7,46.90,72
8,46.84,72
9,46.79,72
10,46.75,73
11,46.73,73
12,46.71,74
13,46.70,74
14,46.69,74
15,46.68,75
16,46.69,75
17,46.70,76
18,46.70,76
19,46.71,76
20,46.72,77
21,46.72,77
22,46.72,78
23,46.72,78
24,46.72,78
25,46.71,79
26,46.69,79
27,46.67,80
28,46.64,80
29,46.61,80
30,46.57,81
31,46.53,81
32,46.49,82
33,44.77,7
34,44.62,7
35,44.47,7
36,44.34,8
37,44.25,8
38,44.17,9
39,44.17,9
40,44.21,9
41,44.31,10
42,44.46,10
43,44.70,10
44,44.98,11
45,45.25,11
46,45.60,12
47,46.03,12
48,46.57,12
49,47.16,13
50,47.80,13
51,48.45,14
52,49.15,14
53,49.85,15
54,50.60,15
55,51.35,15
56,52.00,16
57,52.61,16
58,53.16,17
59,53.57,17
60,53.78,17
61,53.82,18
62,53.68,18
63,53.37,19
64,52.98,19
65,52.57,20
66,52.23,20
67,51.95,21
68,51.76,21
69,51.63,21
70,51.57,22
71,51.57,22
72,51.59,23
73,51.65,23
74,51.73,23
75,51.86,24
76,52.01,24
77,52.20,25
78,52.43,25
79,52.66,26
80,52.91,26
81,53.14,26
82,53.30,27
83,53.40,27
84,53.39,28
85,53.27,28
86,53.11,29
87,52.90,29
88,52.68,29
89,52.52,30
90,52.40,30
91,52.30,31
92,52.24,31
93,52.25,32
94,52.28,32
95,52.31,32
96,52.37,33
97,52.46,33
98,52.58,34
99,52.72,34
100,52.85,35
101,52.95,35
102,53.00,35
103,53.01,36
104,52.98,36
105,52.92,37
106,52.82,37
107,52.73,38
108,52.64,38
109,52.56,38
110,52.50,39
111,52.47,39
112,52.44,40
113,52.43,40
114,52.44,41
115,52.47,41
116,52.48,41
117,52.49,42
118,52.49,42
119,52.51,43
120,52.58,43
121,52.72,44
122,52.87,44
123,52.93,44
124,52.85,45
125,52.70,45
126,52.63,46
127,52.65,46
128,52.61,47
129,52.43,47
130,52.25,47
131,52.18,48
132,52.10,48
133,51.97,49
134,51.91,49
135,51.88,50
136,51.79,50
137,51.77,50
138,51.76,51
139,51.72,51
140,51.74,52
141,51.73,52
142,51.75,53
143,51.77,53
144,51.79,53
145,51.83,54
146,51.83,54
147,51.88,55
148,51.87,55
149,51.91,56
150,51.89,56
151,51.93,56
152,51.91,57
153,51.93,57
154,51.92,58
155,51.91,58
156,51.91,59
157,51.88,59
158,51.87,59
159,51.81,60
160,51.78,60
161,51.74,61
162,51.67,61
163,51.61,61
164,51.55,62
165,51.46,62
166,51.39,63
167,51.30,63
168,51.19,64
169,51.09,64
170,50.98,64
171,50.84,65
172,50.69,65
173,50.56,66
174,50.40,66
175,50.21,67
176,50.03,67
177,49.84,67
178,49.65,68
179,49.44,68
180,49.24,69
181,49.03,69
182,48.83,69
183,48.63,70
184,48.43,70
185,48.22,71
186,48.02,71
187,47.84,71
188,47.66,72
189,47.50,72
190,47.35,73
191,47.21,73
192,47.09,73
193,46.99,74
194,46.89,74
195,46.80,75
196,46.73,75
197,46.66,75
198,46.61,76
199,46.56,76
200,46.53,77
201,46.49,77
202,46.47,77
203,46.45,78
204,46.42,78
205,46.41,79
206,46.40,79
207,46.38,79
208,46.36,80
209,46.33,80
210,46.30,81
211,46.27,81
212,46.23,81
213,46.19,82
214,46.14,82
215,46.09,83
216,46.03,83
217,45.98,83
218,45.91,84
219,45.85,84
220,45.79,85
221,45.72,85
222,45.66,85
223,45.58,86
224,45.50,86
225,45.41,87
226,45.32,87
227,45.22,87
228,45.13,88
229,45.02,88
230,44.90,89
231,44.76,89
232,44.63,89
233,44.48,90
234,44.33,90
235,44.16,90
236,43.98,91
237,43.80,91
238,43.61,92
239,43.41,92
240,43.19,92
241,42.98,93
242,42.76,93
243,42.53,94
244,42.28,94
245,42.04,94
246,41.80,95
247,41.54,95
248,41.29,95
249,41.04,96
250,40.78,96
251,40.52,96
252,40.27,97
253,40.00,97
254,39.73,98
255,39.47,98
256,39.20,98
257,38.92,99
258,38.65,99
259,38.36,99
260,38.07,100
261,37.79,100
262,37.48,100
263,37.18,101
264,36.88,101
265,36.55,101
266,36.26,102
267,35.94,102
268,35.63,103
269,35.33,103
270,35.00,103
271,34.70,104
272,34.37,104
273,34.08,104
274,33.76,105
275,33.45,105
276,33.14,105
277,32.82,106
278,32.52,106
279,32.19,106
280,31.89,107
281,31.55,107
282,31.26,107
283,30.92,107
284,30.61,108
285,30.27,108
286,29.94,108
287,29.60,109
288,29.27,109
289,28.94,109
290,28.59,110
291,28.26,110
292,27.91,110
293,27.58,111
294,27.23,111
295,26.90,111
296,26.56,112
297,26.24,112
298,25.91,112
299,25.59,112
300,25.28,113
301,24.96,113
302,24.67,113
303,24.33,114
304,24.05,114
305,23.72,114
306,23.45,114
307,23.12,115
308,22.86,115
309,22.56,115
310,22.27,116
311,22.00,116
312,21.68,116
313,21.43,116
314,21.12,117
315,20.87,117
316,20.60,117
317,20.32,117
318,20.10,118
319,19.82,118
320,19.59,118
321,19.36,118
322,19.09,119
323,18.90,119
324,18.65,119
325,18.43,120
326,18.25,120
327,18.00,120
328,17.81,120
329,17.60,121
330,17.38,121
331,17.21,121
332,17.02,121
333,16.81,122
334,16.66,122
335,16.48,122
336,16.30,122
337,16.16,123
338,15.99,123
339,15.82,123
340,15.69,123
341,15.53,123
342,15.36,124
343,15.24,124
344,15.10,124
345,14.90,124
346,14.78,125
347,14.65,125
348,14.47,125
349,14.33,125
350,14.22,126
351,14.06,126
352,13.90,126
353,13.79,126
354,13.65,127
355,13.47,127
356,13.33,127
357,13.22,127
358,13.04,128
359,12.85,128
360,12.72,128
361,12.58,128
362,12.36,128
363,12.18,129
364,12.03,129
365,11.86,129
366,11.63,129
367,11.44,130
368,11.28,130
369,11.07,130
370,10.84,130
371,10.62,130
372,10.44,131
373,10.23,131
374,9.97,131
375,9.74,131
376,9.55,132
377,9.33,132
378,9.09,132
379,8.83,132
380,8.61,132
381,8.40,133
382,8.16,133
383,7.89,133
384,7.64,133
385,7.42,133
386,7.18,134
387,6.91,134
388,6.62,134
389,6.36,134
390,6.11,134
391,5.86,135
392,5.56,135
393,5.26,135
394,4.97,135
395,4.70,135
396,4.43,136
397,4.14,136
398,3.82,136
399,3.51,136
400,3.23,136
401,2.95,136
402,2.67,137
403,2.37,137
404,2.05,137
405,1.75,137
406,1.46,137
407,1.19,137
408,0.91,138
409,0.61,138
410,0.30,138
411,-0.01,138
412,-0.31,138
413,-0.59,138
414,-0.87,139
415,-1.15,139
416,-1.44,139
417,-1.75,139
418,-2.05,139
419,-2.34,139
420,-2.62,140
421,-2.89,140
422,-3.17,140
423,-3.43,140
424,-3.72,140
425,-4.01,140
426,-4.29,140
427,-4.57,141
428,-4.84,141
429,-5.10,141
430,-5.37,141
431,-5.63,141
432,-5.91,141
433,-6.20,141
434,-6.48,142
435,-6.76,142
436,-7.04,142
437,-7.32,142
438,-7.59,142
439,-7.85,142
440,-8.12,142
441,-8.40,142
442,-8.69,143
443,-8.98,143
444,-9.28,143
445,-9.56,143
446,-9.86,143
447,-10.15,143
448,-10.44,143
449,-10.73,143
450,-11.02,143
451,-11.31,144
452,-11.62,144
453,-11.93,144
454,-12.24,144
455,-12.57,144
456,-12.89,144
457,-13.23,144
458,-13.56,144
459,-13.90,144
460,-14.23,144
461,-14.56,145
462,-14.89,145
463,-15.24,145
464,-15.59,145
465,-15.94,145
466,-16.30,145
467,-16.68,145
468,-17.07,145
469,-17.46,145
470,-17.87,145
471,-18.28,145
472,-18.71,145
473,-19.13,146
474,-19.55,146
475,-19.98,146
476,-20.42,146
477,-20.86,146
478,-21.31,146
479,-21.75,146
480,-22.20,146
481,-22.66,146
482,-23.13,146
483,-23.62,146
484,-24.11,146
485,-24.62,146
486,-25.14,146
487,-25.67,146
488,-26.21,146
489,-26.76,146
490,-27.31,146
491,-27.88,146
492,-28.45,146
493,-29.03,146
494,-29.61,146
495,-30.20,146
496,-30.81,146